-93.0262 34.1941
-92.751 34.4729
-92.4824 34.6946
-91.9975 35.0735
-91.7355 35.238
-91.5455 35.3453
-91.4668 35.4311
-91.4341 35.4954
-91.4472 35.5312
-91.4668 35.5598
-91.4996 35.6527
-91.4668 35.7171
-91.2441 35.9745
-91.113 36.1175
-90.8444 36.4035
-90.7396 36.5179
-90.6085 36.6037
-90.4447 36.7252
-90.3268 36.8396
-90.2678 36.9254
-90.1761 37.0255
-90.0385 37.1256
-89.9795 37.1542
-89.8157 37.2186
-89.7568 37.2043
-89.7109 37.1685
-89.6781 37.1042
-89.6388 37.0899
-89.6126 37.0684
-89.5733 37.097
-89.475 37.1399
-89.3833 37.1685
-89.226 37.2686
-89.1212 37.2972
-88.9247 37.2972
-88.7871 37.3258
-88.6888 37.3258
-88.5774 37.2758
-88.5053 37.24
-88.4791 37.2043
-88.3677 37.097
-88.2957 37.0112
-88.1974 36.8897
-88.1384 36.7538
-88.1253 36.6466
-88.1057 36.4964
-88.0925 36.3463
-88.1122 36.2176
-88.145 36.0388
-88.1646 35.8243
-88.1974 35.5097
-88.2498 35.2237
-88.2695 35.0664
-88.2563 34.9377
-88.2432 34.7947
-88.2367 34.6588
-88.2236 34.5587
-88.1974 34.43
-88.1319 34.1655
-88.0663 33.9009
-88.0205 33.5434
-87.8894 33.2217
-87.8043 33
